
state={
	id=552
	name="STATE_552"
	manpower = 18539
	
	state_category = wasteland
	impassable = no

	history={
		owner = ENG
		buildings = {
			infrastructure = 0
		}

		add_core_of = EGY

	}

	provinces={
		1143 2064 7216 10127 10869 10907 12099 12733 12764 12816 13852 13853 13854 13855 13856 13857 13858 13859 13860 13861 13862 13863 13864 13865 13866 13867 13868 13869 13870 13871 13872 13873 13874 13875 13876 13877 13878 13879 13880 13881 13882 13883 13884 13885 13886 13887 13888 13889 13890 13891 13892 13893 13894 13895 13896 13897 13898 13899 13900 13901 13902 13903 13904 13905 13906 13907 13908 13909 13910 13911 13912 13913 13914 13915 13916 13917 13918 13919 13920 13921 
	}

	local_supplies=0.0 
}
